2024 130  0  7    15
2024 130  1  7    17
2024 130  2  7    18
2024 130  3 13    15
2024 130  4 13    15
2024 130  5 13    14
2024 130  6  7    14
2024 130  7  7    13
2024 130  8  7    14
2024 130  9 13    15
2024 130 10 13    15
2024 130 11 13    17
2024 130 12 10    18
2024 130 13 10    21
2024 130 14 10    21
2024 130 15 10    18
2024 130 16 10    18
2024 130 17 10    20
2024 130 18 23    22
2024 130 19 23    22
2024 130 20 23    21
2024 130 21 20    20
2024 130 22 20    20
2024 130 23 20    17
2024 131  0 27     4
2024 131  1 27     3
2024 131  2 27     5
2024 131  3 27    13
2024 131  4 27     6
2024 131  5 27    -4
2024 131  6 23    -3
2024 131  7 23     6
2024 131  8 23     5
2024 131  9 20     6
2024 131 10 20     5
2024 131 11 20    -3
2024 131 12 37    -7
2024 131 13 37    -8
2024 131 14 37    -1
2024 131 15 77    13
2024 131 16 77    18
2024 131 17 77    61
2024 131 18 87   -36
2024 131 19 87  -135
2024 131 20 87  -165
2024 131 21 87  -287
2024 131 22 87  -351
2024 131 23 87  -318
2024 132  0 90  -322
2024 132  1 90  -397
2024 132  2 90  -412
2024 132  3 83  -403
2024 132  4 83  -399
2024 132  5 83  -369
2024 132  6 83  -332
2024 132  7 83  -384
2024 132  8 83  -373
2024 132  9 90  -306
2024 132 10 90  -326
2024 132 11 90  -274
2024 132 12 87  -265
2024 132 13 87  -287
2024 132 14 87  -292
2024 132 15 83  -275
2024 132 16 83  -277
2024 132 17 83  -253
2024 132 18 77  -206
2024 132 19 77  -202
2024 132 20 77  -197
2024 132 21 77  -179
2024 132 22 77  -169
2024 132 23 77  -178
2024 133  0 63  -159
2024 133  1 63  -149
2024 133  2 63  -141
2024 133  3 70  -145
2024 133  4 70  -148
2024 133  5 70  -154
2024 133  6 37  -144
2024 133  7 37  -142
2024 133  8 37  -140
2024 133  9 43  -123
2024 133 10 43  -112
2024 133 11 43  -114
2024 133 12 20  -114
2024 133 13 20  -112
2024 133 14 20  -112
2024 133 15 30  -106
2024 133 16 30  -103
2024 133 17 30   -98
2024 133 18 40   -90
2024 133 19 40   -86
2024 133 20 40   -83
2024 133 21 63   -86
2024 133 22 63   -98
2024 133 23 63   -92
